-6.040515190820532759e-03
-1.343336257805563365e-02
-2.072189903465457630e-02
-2.818233256870627049e-02
-3.596109800737117695e-02
-4.390853019495256221e-02
-5.223339122872249635e-02
-6.096204458233098894e-02
-6.988530090393405003e-02
-7.915779432941104365e-02
-8.883781794955847300e-02
-9.914356064982939032e-02
-1.101082868552053368e-01
-1.201285644732819208e-01
-1.243762999527769780e-01
-1.240875046232111645e-01
-1.214052379443476271e-01
-1.177902271067258200e-01
-1.147595904901178715e-01
-1.118818330364047542e-01
-1.076709720123771030e-01
-1.030653714007051247e-01
-9.610602939087632690e-02
-8.634649546922386343e-02
-7.553604883270641224e-02
-7.502067154100508506e-02
-8.224316378398470462e-02
-8.921119058390163115e-02
-9.372574244661950604e-02
-9.675997222724262714e-02
-9.741418571798167447e-02
-9.671054350528530963e-02
-9.517303955130233806e-02
-9.512882258527670387e-02
-9.554029507618803929e-02
-9.487073799645490135e-02
-9.142980470738763799e-02
-8.473006615006142828e-02
-7.711604587147050105e-02
-6.877871960854806122e-02
-6.040845180571018797e-02
-5.285701655081533057e-02
-4.614717555182801245e-02
-4.054395662726547472e-02
-3.507847022014683180e-02
-2.978006133168998801e-02
-2.466489012429964878e-02
-1.964169500948465680e-02
-1.463616615158973115e-02
-9.014361426744946920e-03
7.662017278073603166e-02
8.684649089411423939e-02
9.625443807473683944e-02
1.027619639726902595e-01
1.070335828751672463e-01
1.110861746100951924e-01
1.138443075776143232e-01
1.167627647650683748e-01
1.200386443527944186e-01
1.228022182893089148e-01
1.234223206435003245e-01
1.197573174157906956e-01
1.101407850462561705e-01
9.931807499684784657e-02
8.914204613468358629e-02
7.953727234113004696e-02
7.039053727556904283e-02
6.171260241868486984e-02
5.315739492005254474e-02
4.507693281514348060e-02
3.718783681523233492e-02
2.964198550793603615e-02
2.255587730468557386e-02
1.559590155933329551e-02
8.336735429657900903e-03
8.149831518165034927e-03
1.407797019683463755e-02
1.901712993071789232e-02
2.393003180045012376e-02
2.909048223229841398e-02
3.447263543076314884e-02
3.980342368690194949e-02
4.529739928506634761e-02
5.178605054002716201e-02
5.903257107667495701e-02
6.708704351881161765e-02
7.558553839747483849e-02
8.327182506823568864e-02
9.023278855050065328e-02
9.356110796605143776e-02
9.482449067055549741e-02
9.446575444827619294e-02
9.467836864901474359e-02
9.635862938790054621e-02
9.797377752394147155e-02
9.790530864480061213e-02
9.550436257710043231e-02
9.137275735582899017e-02
8.477325865930253335e-02
7.707843902606754949e-02
1.821426323495113631e-02
2.562176593083403953e-02
3.293291335546017634e-02
4.067608653778542055e-02
4.872851139324717307e-02
5.686389058969849863e-02
6.458147632956856565e-02
7.178449239534553938e-02
7.851991171219714627e-02
8.459319728439508579e-02
8.977075928772197677e-02
9.346802421059491328e-02
9.536212592733793458e-02
9.253778578056047477e-02
8.363444669643387008e-02
7.287869257615484098e-02
6.226364013374043049e-02
5.188914935927274596e-02
4.135478137525416126e-02
3.078294666038562666e-02
2.131755001750183440e-02
1.197932987781328597e-02
4.286522933429492629e-03
-1.471294376075166503e-04
-1.609931623661990316e-03
-1.770302227397477224e-03
-7.219249318758453292e-03
-1.352326541394650167e-02
-2.106580757438095142e-02
-2.937656398039664371e-02
-3.834652361203702564e-02
-4.677101623761745208e-02
-5.523371373905836684e-02
-6.354152954169621503e-02
-7.152986779605480239e-02
-7.859164744789008672e-02
-8.384415008807119540e-02
-8.493010413885940246e-02
-8.430090740286333428e-02
-8.353901357647557091e-02
-8.107539970588814593e-02
-7.705606211442783682e-02
-7.198906717672093336e-02
-6.501138191634929508e-02
-5.734201764376511967e-02
-4.932993369749746893e-02
-4.122824812169513520e-02
-3.303954948224262916e-02
-2.479838588641486777e-02
-1.737268837772490762e-02
-2.318720958318502921e-03
2.998647922406525845e-04
4.959012203476395077e-03
1.286790799884458651e-02
2.217542606376182376e-02
3.146225998449272976e-02
4.187640592264279399e-02
5.223645367517810306e-02
6.246601921552891873e-02
7.289882189512131294e-02
8.356575447336138385e-02
9.284565539262196188e-02
9.630722477527318970e-02
9.466760150001157781e-02
9.116249048284218170e-02
8.627650802475377023e-02
8.033693660635994604e-02
7.349854064573256573e-02
6.638546691374495878e-02
5.877745520007019581e-02
5.089086287022349941e-02
4.274658043661973272e-02
3.431368344987532210e-02
2.585609516354212684e-02
1.821332471344085796e-02
-1.712243680635578899e-02
-2.388306481502405418e-02
-3.198759292218793931e-02
-4.009043071851831064e-02
-4.808009000607318950e-02
-5.594515809668564738e-02
-6.351051394203069411e-02
-7.047264442697753761e-02
-7.570477766366186245e-02
-7.991336703375218065e-02
-8.292925094091317673e-02
-8.439804288945584876e-02
-8.524172000253177339e-02
-8.446323805975229637e-02
-7.933478617059869231e-02
-7.259651924922401467e-02
-6.499671678464537250e-02
-5.675831784238140332e-02
-4.832432885139614775e-02
-3.999734274100329862e-02
-3.117619362957235046e-02
-2.249089482010395435e-02
-1.478711542919495039e-02
-8.252078141212182069e-03
-2.769815778374073653e-03
