-1.988512993085445740e-02
-6.100488533493856995e-04
-3.485951261431732644e-04
-9.526432464117635588e-05
-5.464352095854190834e-05
-3.323091082041181434e-05
-2.279036346728859861e-05
-1.203135779003642761e-05
-5.523112809955355638e-06
-3.122819963483262451e-06
-1.682645254888628868e-06
-2.580758738577696885e-18
-2.178124920654945075e-18
-1.782035743048564356e-18
-1.390501581433189377e-18
-1.274206739115330264e-18
-1.158379136275749863e-18
-1.047913778083800339e-18
-9.527258541443484799e-19
-9.372233640700098143e-19
-9.013845035058426283e-19
-8.717667153241275780e-19
-7.856837212514912102e-19
-7.219781972997338422e-19
-7.062639215866571976e-19
-6.831955749432834394e-19
-6.713851853530701294e-19
-6.133995130079113040e-19
-5.857028589204825717e-19
-5.815787740150518188e-19
-5.764308566099913951e-19
-5.108545451402031288e-19
-4.993190865231065641e-19
-4.650419282178696703e-19
-4.504740289684760246e-19
-4.390571948273022031e-19
-4.130888270609533940e-19
-4.091550697645243947e-19
-4.035407815191791256e-19
-3.820601193775690978e-19
-3.494966428026306695e-19
-3.352362172736735325e-19
-3.261589135728696142e-19
-3.032329784950612555e-19
-2.881866749951940641e-19
-2.876423473805637473e-19
-2.870547120200681540e-19
-2.629306047735632854e-19
-2.625777926089764207e-19
-2.591161106988974271e-19
-2.563007092922825907e-19
-2.467131430461668135e-19
-2.237073302857330849e-19
-2.089838959476101546e-19
-2.079930363382240052e-19
-2.042174440496537561e-19
-1.798958962328835089e-19
-1.756093680582292909e-19
-1.609964118072580445e-19
-1.449011505434368909e-19
-1.446033103435815542e-19
-1.423961431446425224e-19
-1.366378318090319765e-19
-1.339996546271411024e-19
-1.251772494815172697e-19
-1.240531182630574211e-19
-1.223175490482517247e-19
-1.122226770786812622e-19
-1.117886962639376775e-19
-1.029979872403642393e-19
-1.027704229526587963e-19
-8.987733722531535713e-20
-8.666868397968367967e-20
-7.271257331871004646e-20
-6.760160645924792011e-20
-6.083523137484845199e-20
-6.003091227992097781e-20
-5.833218335076196720e-20
-4.058290069101791757e-20
-3.939191669376789745e-20
-3.522433935622361981e-20
-3.350813552889257388e-20
-2.713495529796353324e-20
-2.522206966859591997e-20
-2.355510573156847454e-20
-1.868292353514492806e-20
-1.502758420730366473e-20
-1.056656408428757034e-20
-8.846612851611086593e-21
-7.664637216432580920e-21
-2.833917578661796549e-21
9.954284493226777170e-21
1.287298607568923862e-20
1.331438615769204512e-20
1.450188292953981149e-20
1.669079526675898055e-20
1.932106857063216051e-20
2.668616586893409571e-20
3.355394786544142694e-20
3.513453470116582823e-20
3.994441322068414909e-20
4.678178024905571306e-20
5.000414948593126295e-20
5.155077517339437792e-20
6.008458381987577116e-20
6.764072066926194155e-20
6.832149587492957175e-20
6.892295201021988177e-20
7.169473451349662319e-20
7.764148300880654834e-20
8.857664506508513712e-20
9.969222653341305604e-20
1.083533776433310961e-19
1.157495850017037246e-19
1.184973453961872784e-19
1.220007494527064661e-19
1.277017546092999838e-19
1.467490317985884578e-19
1.569119931151255462e-19
1.586456496264215135e-19
1.686411047448960598e-19
1.783769473634312243e-19
1.801476207534917055e-19
1.900828268501377840e-19
2.114406149816919987e-19
2.135681710848500453e-19
2.138892319076988826e-19
2.231472454299520596e-19
2.341597320154250329e-19
2.387768651824336881e-19
2.630014167464849861e-19
2.640710912853507218e-19
2.871256841038492971e-19
3.038555291127779385e-19
3.141661080159482641e-19
3.263022159903751134e-19
3.334615505126739615e-19
3.550192260006459571e-19
3.569555057612505412e-19
3.708976699146741426e-19
4.005042196316860275e-19
4.234158803128095799e-19
4.238278921221076269e-19
4.539292886890097136e-19
5.093649658271192289e-19
5.198249379227123268e-19
5.271977250444251450e-19
5.692667647484602673e-19
6.128748988097106545e-19
6.288120689643111180e-19
6.592091524890855407e-19
6.913413513961291010e-19
7.098882935716530304e-19
7.609134756139220248e-19
7.849263369574753826e-19
8.506962010148696641e-19
9.291399298777262428e-19
9.364218315056339817e-19
1.025715980495143476e-18
1.128374450930937926e-18
1.266905419621894619e-18
1.337562093376767950e-18
1.390977627821141372e-18
1.765668022138328971e-18
1.222463106841308639e-07
2.568974985242844437e-07
3.208239968695564269e-07
3.767499595901337229e-07
5.239500924178655921e-07
6.784473902697153004e-07
7.063526553245146453e-07
8.560523252298792453e-07
9.929765771043255665e-07
1.433719523703560938e-06
1.548290442021276532e-06
1.918450618347077410e-06
2.681066606631872003e-06
3.483554363944798899e-06
4.501553303873173161e-06
5.042327977177905865e-06
5.931027443332300522e-06
6.534787417389989302e-06
8.043973714408230623e-06
9.022162263453441090e-06
1.045284298592131824e-05
1.599084727537741917e-05
1.743626472424780603e-05
1.965641863096191983e-05
2.183531439777411484e-05
3.240046377257549995e-05
3.517724292964991256e-05
5.812937602184632869e-05
7.448413787893525245e-05
8.873319915217387020e-05
1.242022664312165134e-04
1.951647907321983643e-04
3.490617435303596341e-04
4.228896518126405604e-04
6.371506678958844963e-04
1.562758677205167840e-03
