5.838871002197265625e-01 1.153945922851562500e-01 4.253387451171875000e-01 2.467393875122070312e+00 2.861022949218750000e-02
1.108884811401367188e+00 1.790523529052734375e-01 9.703636169433593750e-02 2.388715744018554688e+00 2.765655517578125000e-02
2.824783325195312500e+00 2.903938293457031250e-01 2.224445343017578125e-01 2.564191818237304688e+00 3.480911254882812500e-02
2.741098403930664062e+00 3.845691680908203125e-01 2.894401550292968750e-01 1.999616622924804688e+00 3.337860107421875000e-02
4.258632659912109375e+00 5.307197570800781250e-01 1.642704010009765625e-01 2.222776412963867188e+00 3.814697265625000000e-02
7.497787475585937500e+00 6.434917449951171875e-01 3.802776336669921875e-01 2.498626708984375000e+00 4.887580871582031250e-02
7.863759994506835938e+00 7.636547088623046875e-01 2.901554107666015625e-01 5.928039550781250000e+00 8.273124694824218750e-02
1.814103126525878906e+01 8.039474487304687500e-01 3.194808959960937500e-01 7.214784622192382812e+00 9.942054748535156250e-02
1.631331443786621094e+01 1.061916351318359375e+00 5.519580841064453125e+01 3.194808959960937500e+00 6.961822509765625000e-02
1.369810104370117188e+01 1.199722290039062500e+00 5.996465682983398438e+00 3.123521804809570312e+00 5.674362182617187500e-02
1.644492149353027344e+01 1.181125640869140625e+00 7.812547683715820312e+01 2.980470657348632812e+00 7.295608520507812500e-02
2.137708663940429688e+01 1.336336135864257812e+00 4.272460937500000000e-01 3.687143325805664062e+00 6.818771362304687500e-02
2.256703376770019531e+01 1.614093780517578125e+00 4.765987396240234375e-01 2.612829208374023438e+00 8.106231689453125000e-02
2.633309364318847656e+01 1.607656478881835938e+00 6.670951843261718750e-01 2.296447753906250000e+00 6.818771362304687500e-02
3.015971183776855469e+01 1.714229583740234375e+00 4.634857177734375000e-01 2.237081527709960938e+00 5.412101745605468750e-02
3.394198417663574219e+01 1.735448837280273438e+00 5.550384521484375000e-01 2.256631851196289062e+00 7.295608520507812500e-02
3.398227691650390625e+01 2.194881439208984375e+00 5.743503570556640625e-01 2.325534820556640625e+00 6.461143493652343750e-02
4.954862594604492188e+01 2.295494079589843750e+00 1.628637313842773438e+00 2.435684204101562500e+00 6.484985351562500000e-02
4.540252685546875000e+01 2.347707748413085938e+00 1.262426376342773438e+00 2.552986145019531250e+00 6.651878356933593750e-02
4.999279975891113281e+01 2.724885940551757812e+00 2.140760421752929688e+00 3.115177154541015625e+00 7.748603820800781250e-02
5.353808403015136719e+01 2.717971801757812500e+00 1.314163208007812500e+00 3.431320190429687500e+00 8.106231689453125000e-02
5.998730659484863281e+01 2.999305725097656250e+00 9.875297546386718750e-01 3.155469894409179688e+00 8.249282836914062500e-02
6.756591796875000000e+01 2.923488616943359375e+00 1.228094100952148438e+00 3.380298614501953125e+00 9.274482727050781250e-02
7.411098480224609375e+01 3.181219100952148438e+00 4.363536834716796875e+00 3.356218338012695312e+00 9.632110595703125000e-02
7.695794105529785156e+01 2.202987670898437500e+00 1.573801040649414062e+00 2.702951431274414062e+00 7.963180541992187500e-02
1.134119033813476562e+02 2.494573593139648438e+00 3.658533096313476562e+00 6.809949874877929688e+00 1.239776611328125000e-01
1.137604713439941406e+02 2.326011657714843750e+00 2.181053161621093750e+00 2.693414688110351562e+00 7.224082946777343750e-02
8.986759185791015625e+01 2.727031707763671875e+00 3.423690795898437500e+00 2.484321594238281250e+00 9.083747863769531250e-02
9.564232826232910156e+01 2.429008483886718750e+00 1.965522766113281250e+00 3.177404403686523438e+00 1.218318939208984375e-01
1.018669605255126953e+02 2.488374710083007812e+00 1.619577407836914062e+00 3.823518753051757812e+00 7.939338684082031250e-02
1.000065803527832031e+02 2.571344375610351562e+00 1.799345016479492188e+00 2.535104751586914062e+00 7.891654968261718750e-02
1.096000671386718750e+02 3.016233444213867188e+00 2.100467681884765625e+00 2.860784530639648438e+00 3.018379211425781250e-01
1.082704067230224609e+02 3.834962844848632812e+00 6.047487258911132812e+00 2.996921539306640625e+00 1.134872436523437500e-01
1.230125427246093750e+02 3.679275512695312500e+00 3.920078277587890625e+00 3.605127334594726562e+00 1.060962677001953125e-01
1.251022815704345703e+02 3.222465515136718750e+00 2.004146575927734375e+00 9.819269180297851562e+00 1.084804534912109375e-01
1.273159980773925781e+02 3.851175308227539062e+00 2.506971359252929688e+00 2.497911453247070312e+00 4.193782806396484375e-01
1.322102546691894531e+02 4.337072372436523438e+00 2.520322799682617188e+00 2.509832382202148438e+00 9.489059448242187500e-02
1.468236446380615234e+02 4.430532455444335938e+00 6.698369979858398438e+00 1.072645187377929688e+01 5.187988281250000000e-01
1.446385383605957031e+02 5.895853042602539062e+00 2.880811691284179688e+00 3.250360488891601562e+00 2.093315124511718750e-01
1.524355411529541016e+02 4.549980163574218750e+00 2.710103988647460938e+00 2.545833587646484375e+00 5.056858062744140625e-01
1.519012451171875000e+02 5.395174026489257812e+00 3.034114837646484375e+00 2.696037292480468750e+00 9.942054748535156250e-02
1.655216217041015625e+02 5.455255508422851562e+00 2.856492996215820312e+00 2.604484558105468750e+00 1.168251037597656250e-01
1.717722415924072266e+02 4.504919052124023438e+00 2.581596374511718750e+00 2.515316009521484375e+00 1.254081726074218750e-01
1.786944866180419922e+02 4.180908203125000000e+00 3.065347671508789062e+00 2.705574035644531250e+00 5.748271942138671875e-01
1.757762432098388672e+02 6.656646728515625000e+00 3.966808319091796875e+00 2.583026885986328125e+00 1.447200775146484375e-01
1.816842555999755859e+02 6.410360336303710938e+00 3.034591674804687500e+00 2.482652664184570312e+00 1.397132873535156250e-01
2.038064002990722656e+02 4.995822906494140625e+00 3.628015518188476562e+00 3.065347671508789062e+00 1.347064971923828125e-01
2.075963020324707031e+02 5.029916763305664062e+00 3.520965576171875000e+00 2.673387527465820312e+00 1.816749572753906250e-01
2.089855670928955078e+02 5.549669265747070312e+00 3.973245620727539062e+00 3.157615661621093750e+00 8.499622344970703125e-01
2.218542098999023438e+02 7.694244384765625000e+00 4.295110702514648438e+00 2.665042877197265625e+00 1.611709594726562500e-01
2.252297401428222656e+02 9.331464767456054688e+00 9.274959564208984375e+00 2.913475036621093750e+00 1.490116119384765625e-01
2.355313301086425781e+02 5.352020263671875000e+00 3.417730331420898438e+00 2.910137176513671875e+00 1.521110534667968750e-01
2.307660579681396484e+02 8.581638336181640625e+00 4.263877868652343750e+00 2.579450607299804688e+00 1.316070556640625000e-01
2.469100952148437500e+02 9.025812149047851562e+00 3.920078277587890625e+00 2.500534057617187500e+00 1.678466796875000000e-01
2.521500587463378906e+02 6.236553192138671875e+00 3.309726715087890625e+00 2.547025680541992188e+00 1.733303070068359375e-01
2.589173316955566406e+02 7.235288619995117188e+00 3.558397293090820312e+00 2.517938613891601562e+00 1.471042633056640625e-01
2.621257305145263672e+02 7.140398025512695312e+00 4.059553146362304688e+00 2.581119537353515625e+00 1.020669937133789062e+00
2.922816276550292969e+02 9.496450424194335938e+00 4.278421401977539062e+00 2.671957015991210938e+00 1.583099365234375000e-01
3.040673732757568359e+02 7.224082946777343750e+00 3.945350646972656250e+00 2.535820007324218750e+00 1.740455627441406250e-01
3.040239810943603516e+02 6.429672241210937500e+00 5.029201507568359375e+00 2.560615539550781250e+00 1.807212829589843750e-01
2.986390590667724609e+02 1.126790046691894531e+01 5.058526992797851562e+00 2.540826797485351562e+00 1.745223999023437500e-01
3.056230545043945312e+02 9.615421295166015625e+00 5.024909973144531250e+00 2.593040466308593750e+00 1.711845397949218750e-01
3.342497348785400391e+02 8.203506469726562500e+00 4.325628280639648438e+00 2.622127532958984375e+00 2.036094665527343750e-01
3.365468978881835938e+02 7.784366607666015625e+00 1.243424415588378906e+01 2.652645111083984375e+00 1.788139343261718750e-01
3.542659282684326172e+02 8.476018905639648438e+00 4.117548465728759766e+02 3.125667572021484375e+00 2.082824707031250000e+00
3.502404689788818359e+02 1.121139526367187500e+01 6.267547607421875000e+00 2.609014511108398438e+00 1.938343048095703125e-01
3.548815250396728516e+02 1.031446456909179688e+01 1.893210411071777344e+01 2.691030502319335938e+00 2.019405364990234375e-01
4.096257686614990234e+02 9.050846099853515625e+00 5.262136459350585938e+00 2.705335617065429688e+00 1.933574676513671875e-01
3.692619800567626953e+02 7.844686508178710938e+00 1.401603221893310547e+02 2.734661102294921875e+00 2.508878707885742188e+00
3.836290836334228516e+02 1.155757904052734375e+01 6.778001785278320312e+00 2.736091613769531250e+00 1.878738403320312500e-01
3.999660015106201172e+02 1.235008239746093750e+01 6.378412246704101562e+00 2.784013748168945312e+00 2.105236053466796875e-01
4.139838218688964844e+02 9.328842163085937500e+00 5.473613739013671875e+00 2.652168273925781250e+00 2.005100250244140625e-01
4.298231601715087891e+02 1.001358032226562500e+01 5.690574645996093750e+00 2.726316452026367188e+00 2.040863037109375000e-01
4.640691280364990234e+02 1.119470596313476562e+01 7.539057731628417969e+01 3.688812255859375000e+00 2.226591110229492188e+00
4.449090957641601562e+02 1.323437690734863281e+01 6.193876266479492188e+00 3.020524978637695312e+00 2.195835113525390625e-01
4.585282802581787109e+02 1.427102088928222656e+01 6.839990615844726562e+00 2.640724182128906250e+00 2.567768096923828125e-01
4.367992877960205078e+02 1.208233833312988281e+01 6.359815597534179688e+00 2.674818038940429688e+00 1.907348632812500000e-01
4.721696376800537109e+02 1.102495193481445312e+01 6.331205368041992188e+00 2.933502197265625000e+00 2.443790435791015625e-01
5.055978298187255859e+02 9.428977966308593750e+00 1.171731948852539062e+02 2.859354019165039062e+00 2.721786499023437500e+00
4.966814517974853516e+02 1.601386070251464844e+01 1.301994323730468750e+02 3.485441207885742188e+00 2.570152282714843750e-01
4.989116191864013672e+02 1.957893371582031250e+01 4.265213012695312500e+02 5.887031555175781250e+00 2.820491790771484375e-01
5.149385929107666016e+02 1.421856880187988281e+01 1.096820831298828125e+01 4.913091659545898438e+00 2.269744873046875000e-01
5.573360919952392578e+02 1.152968406677246094e+01 7.610559463500976562e+00 2.707242965698242188e+00 2.601146697998046875e-01
5.528581142425537109e+02 1.082324981689453125e+01 8.688688278198242188e+00 2.916097640991210938e+00 2.338886260986328125e-01
5.844862461090087891e+02 1.296830177307128906e+01 8.137702941894531250e+00 2.664089202880859375e+00 2.312660217285156250e-01
5.769090652465820312e+02 1.037192344665527344e+01 4.001164436340332031e+01 2.695822715759277344e+01 2.915859222412109375e-01
5.786004066467285156e+02 1.399445533752441406e+01 1.101708412170410156e+01 2.755165100097656250e+00 1.378297805786132812e+00
6.396327018737792969e+02 2.144598960876464844e+01 1.189875602722167969e+01 2.820014953613281250e+00 2.756118774414062500e-01
6.344666481018066406e+02 1.906728744506835938e+01 9.072208404541015625e+01 2.774953842163085938e+00 2.646446228027343750e-01
6.497848033905029297e+02 1.685953140258789062e+01 8.572340011596679688e+00 3.011465072631835938e+00 3.046989440917968750e-01
6.478347778320312500e+02 1.170825958251953125e+01 8.812904357910156250e+00 2.746582031250000000e+00 3.471374511718750000e-01
6.900718212127685547e+02 1.596593856811523438e+01 6.185293197631835938e+01 2.827882766723632812e+00 2.710819244384765625e-01
6.513998508453369141e+02 1.232433319091796875e+01 8.950471878051757812e+00 2.759218215942382812e+00 3.752946853637695312e+00
6.493442058563232422e+02 2.441334724426269531e+01 1.100373268127441406e+01 2.750635147094726562e+00 2.768039703369140625e-01
6.709942817687988281e+02 1.752400398254394531e+01 9.895324707031250000e+00 2.770185470581054688e+00 2.818107604980468750e-01
6.759305000305175781e+02 1.890611648559570312e+01 1.186180114746093750e+01 2.658128738403320312e+00 2.670288085937500000e-01
7.253773212432861328e+02 2.012085914611816406e+01 9.896516799926757812e+00 2.775192260742187500e+00 3.449916839599609375e-01
7.218647003173828125e+02 1.805758476257324219e+01 1.174068450927734375e+01 3.440618515014648438e+00 2.889633178710937500e-01
7.356154918670654297e+02 1.404333114624023438e+01 1.066994667053222656e+01 2.780437469482421875e+00 2.729892730712890625e-01
7.512977123260498047e+02 1.258635520935058594e+01 1.484298706054687500e+01 2.562046051025390625e+00 2.624988555908203125e-01
7.594113349914550781e+02 1.412415504455566406e+01 1.105737686157226562e+01 2.761125564575195312e+00 2.542734146118164062e+00
7.727429866790771484e+02 2.549839019775390625e+01 1.274037361145019531e+01 2.706050872802734375e+00 2.975463867187500000e-01
7.773270606994628906e+02 2.215790748596191406e+01 1.135611534118652344e+01 2.717494964599609375e+00 2.951622009277343750e-01
7.949299812316894531e+02 2.173328399658203125e+01 1.976275444030761719e+01 3.607511520385742188e+00 3.292560577392578125e-01
8.248996734619140625e+02 2.248597145080566406e+01 1.160073280334472656e+01 2.680063247680664062e+00 3.042221069335937500e-01
8.623945713043212891e+02 2.173852920532226562e+01 1.182675361633300781e+01 2.676010131835937500e+00 2.841949462890625000e-01
8.521456718444824219e+02 2.290725708007812500e+01 1.232743263244628906e+01 2.681732177734375000e+00 3.051757812500000000e-01
8.509218692779541016e+02 2.222108840942382812e+01 1.235461235046386719e+01 2.747058868408203125e+00 3.156661987304687500e-01
8.563718795776367188e+02 2.493977546691894531e+01 1.366662979125976562e+01 2.978801727294921875e+00 3.619194030761718750e-01
8.985552787780761719e+02 2.250504493713378906e+01 1.306200027465820312e+01 2.783775329589843750e+00 3.314018249511718750e-01
9.529299736022949219e+02 2.107715606689453125e+01 1.292991638183593750e+01 2.708435058593750000e+00 2.999305725097656250e-01
9.158813953399658203e+02 1.327133178710937500e+01 1.474666595458984375e+01 2.664089202880859375e+00 2.920627593994140625e-01
9.452359676361083984e+02 1.891231536865234375e+01 1.361489295959472656e+01 2.768278121948242188e+00 3.318786621093750000e+00
9.398329257965087891e+02 2.910375595092773438e+01 1.555442810058593750e+01 2.668857574462890625e+00 3.292560577392578125e-01
9.786291122436523438e+02 2.952289581298828125e+01 1.475763320922851562e+01 2.688407897949218750e+00 3.206729888916015625e-01
9.861760139465332031e+02 2.486300468444824219e+01 1.636624336242675781e+01 2.750396728515625000e+00 3.526210784912109375e-01
1.004271984100341797e+03 2.493214607238769531e+01 1.465058326721191406e+01 2.679824829101562500e+00 3.399848937988281250e-01
1.016816616058349609e+03 1.702165603637695312e+01 5.758786201477050781e+01 3.033161163330078125e+00 4.912853240966796875e+00
1.096104860305786133e+03 2.733039855957031250e+01 2.170181274414062500e+01 2.703428268432617188e+00 3.685951232910156250e-01
1.036543130874633789e+03 2.630424499511718750e+01 1.599359512329101562e+01 2.627849578857421875e+00 3.519058227539062500e-01
1.090896606445312500e+03 3.728580474853515625e+01 1.853513717651367188e+01 2.751111984252929688e+00 3.628730773925781250e-01
1.092389345169067383e+03 2.514600753784179688e+01 1.583504676818847656e+01 2.689361572265625000e+00 3.876686096191406250e-01
1.122428655624389648e+03 1.938295364379882812e+01 1.577472686767578125e+01 2.656698226928710938e+00 3.390312194824218750e-01
1.110374212265014648e+03 2.790880203247070312e+01 1.643729209899902344e+01 3.010272979736328125e+00 3.470420837402343750e+00
1.175947904586791992e+03 3.139233589172363281e+01 1.941227912902832031e+01 2.655267715454101562e+00 3.573894500732421875e-01
1.140587329864501953e+03 3.671097755432128906e+01 2.157306671142578125e+01 2.784252166748046875e+00 3.676414489746093750e-01
1.255465507507324219e+03 3.039765357971191406e+01 1.942276954650878906e+01 2.798318862915039062e+00 3.528594970703125000e-01
